Current: 208
Depth: 0.008113490000000001
Efficiency: 0.7
Front_length: 0.00284724
Rear_length: 0.011389
Voltage: 14.7
Width: 0.00389448
emissivity: 0.6
h_c: 20
