Current: 208
Depth: 0.00455555
Efficiency: 0.7
Front_length: 0.00177031
Rear_length: 0.00708124
Voltage: 14.7
Width: 0.00365555
emissivity: 0.6
h_c: 20
