Current: 208
Depth: 0.0057328
Efficiency: 0.7
Front_length: 0.0022758699999999997
Rear_length: 0.00910349
Voltage: 14.7
Width: 0.0041555
emissivity: 0.6
h_c: 20
