Current: 237
Depth: 0.0045555000000000005
Efficiency: 0.7
Front_length: 0.00189314
Rear_length: 0.00757257
Voltage: 16.8
Width: 0.00365555
emissivity: 0.6
h_c: 20
