Current: 237
Depth: 0.00534279
Efficiency: 0.7
Front_length: 0.00218227
Rear_length: 0.00872908
Voltage: 16.8
Width: 0.00385555
emissivity: 0.6
h_c: 20
