Current: 162
Depth: 0.00485555
Efficiency: 0.7
Front_length: 0.00171083
Rear_length: 0.00684331
Voltage: 13.1
Width: 0.00375555
emissivity: 0.6
h_c: 20
