Current: 70
Depth: 0.0048555000000000004
Efficiency: 0.7
Front_length: 0.0013185
Rear_length: 0.00527399
Voltage: 10.1
Width: 0.00375555
emissivity: 0.6
h_c: 20
