Current: 118
Depth: 0.00485555
Efficiency: 0.7
Front_length: 0.00148481
Rear_length: 0.00593925
Voltage: 11.7
Width: 0.00365555
emissivity: 0.6
h_c: 20
