Current: 162
Depth: 0.00455555
Efficiency: 0.7
Front_length: 0.00162506
Rear_length: 0.00650026
Voltage: 13.1
Width: 0.00365555
emissivity: 0.6
h_c: 20
