Current: 162
Depth: 0.00477606
Efficiency: 0.7
Front_length: 0.0020462500000000003
Rear_length: 0.00818502
Voltage: 13.1
Width: 0.0035
emissivity: 0.6
h_c: 20
