Current: 70
Depth: 0.0049555
Efficiency: 0.7
Front_length: 0.001368
Rear_length: 0.005472
Voltage: 10.1
Width: 0.0037555
emissivity: 0.6
h_c: 20
