Current: 208
Depth: 0.004755550000000001
Efficiency: 0.7
Front_length: 0.0018732500000000001
Rear_length: 0.0074930199999999995
Voltage: 14.7
Width: 0.0038654
emissivity: 0.6
h_c: 20
