Current: 162
Depth: 0.006759439999999999
Efficiency: 0.7
Front_length: 0.0025222699999999996
Rear_length: 0.0100891
Voltage: 13.1
Width: 0.0032445300000000002
emissivity: 0.6
h_c: 20
