Current: 208
Depth: 0.0046819800000000005
Efficiency: 0.7
Front_length: 0.0020236800000000004
Rear_length: 0.0080947
Voltage: 14.7
Width: 0.00375555
emissivity: 0.6
h_c: 20
