Current: 70
Depth: 0.0042555
Efficiency: 0.7
Front_length: 0.00144033
Rear_length: 0.00576133
Voltage: 10.1
Width: 0.0039555
emissivity: 0.6
h_c: 20
