Current: 118
Depth: 0.004259000000000001
Efficiency: 0.7
Front_length: 0.00182453
Rear_length: 0.00729813
Voltage: 11.7
Width: 0.003955
emissivity: 0.6
h_c: 20
