Current: 237
Depth: 0.00462757
Efficiency: 0.7
Front_length: 0.00201062
Rear_length: 0.00804247
Voltage: 16.8
Width: 0.00365555
emissivity: 0.6
h_c: 20
