Current: 162
Depth: 0.004755550000000001
Efficiency: 0.7
Front_length: 0.00183615
Rear_length: 0.00734459
Voltage: 13.1
Width: 0.00375555
emissivity: 0.6
h_c: 20
