Current: 70
Depth: 0.0039014600000000003
Efficiency: 0.7
Front_length: 0.0018363499999999998
Rear_length: 0.007345399999999999
Voltage: 10.1
Width: 0.0018727
emissivity: 0.6
h_c: 20
