Current: 237
Depth: 0.00925862
Efficiency: 0.7
Front_length: 0.00312204
Rear_length: 0.0124883
Voltage: 16.8
Width: 0.00444414
emissivity: 0.6
h_c: 20
