Current: 118
Depth: 0.00545194
Efficiency: 0.7
Front_length: 0.00220847
Rear_length: 0.008833869999999999
Voltage: 11.7
Width: 0.0039
emissivity: 0.6
h_c: 20
