Current: 118
Depth: 0.00485555
Efficiency: 0.7
Front_length: 0.0015539899999999999
Rear_length: 0.0062159500000000005
Voltage: 11.7
Width: 0.00375555
emissivity: 0.6
h_c: 20
