Current: 118
Depth: 0.0045555000000000005
Efficiency: 0.7
Front_length: 0.00165507
Rear_length: 0.00662026
Voltage: 11.7
Width: 0.0037555
emissivity: 0.6
h_c: 20
