Current: 237
Depth: 0.0065419200000000005
Efficiency: 0.7
Front_length: 0.00247006
Rear_length: 0.00988025
Voltage: 16.8
Width: 0.00314012
emissivity: 0.6
h_c: 20
