Current: 70
Depth: 0.004200000000000001
Efficiency: 0.7
Front_length: 0.0015616
Rear_length: 0.00624641
Voltage: 10.1
Width: 0.0039999
emissivity: 0.6
h_c: 20
